NCBI gene (formerly Entrezgene) ID
10950
6348
6348
54682
5116
23764
10950
24137
5427
8624
6385
1349
22974
11130
1164
6119
54504
5888
6319
10023
11065
64581
6134
54682
28231
4085
79733
9133
100133941
9833
6348
6790
7298
23658
1102
29127
7272
4173
55165
374
1058
79801
2171
9055
51659
7045
891
701
2237
5553
3832
7153
4175
4493
4494
4501
4837
1033
9232
4353
54541
29028
10875
4496
64116
5168
3161
9936
51203
9212
2012
1345
6775
9134
4830
5997
6005
7128
6364
7029
10635
4495
4751
81788
140465
7037
5996
9928
6637
6241
729230
9034
11004
969
5872
3310
10148
23179
4171
3725
4725
991
1163
1063
